v2.0 raw
400002 7 6*0 400002 7 20004 5*0 400002
7 40008 5*0 400002 7 200004 5*0 400002
7 10 5*0 400002 7 10008 5*0 400002
7 8008 5*0 400002 7 2008 5*0 400002
7 4008 5*0 400002 7 1008 5*0 400002
7 28 5*0 400002 7 48 5*0 400002
7 10000008 5*0 400002 7 20000008 5*0 400002
7 40200004 5*0 400002 7 80000000 5*0 400002
7 1000002 40008 4*0 400002 7 6*0 400002
7 6*0 400002 7 6*0 400002 7 6*0
400002 7 6*0 400002 7 6*0 400002 7
6*0 400002 7 6*0 400002 7 6*0 400002
7 6*0 400002 7 6*0 400002 7 6*0
400002 7 6*0 400002 7 6*0 400002 7
